{
 "cells": [
  {
   "cell_type": "code",
   "execution_count": 1,
   "metadata": {},
   "outputs": [
    {
     "name": "stdout",
     "output_type": "stream",
     "text": [
      "      CRIM    ZN  INDUS  CHAS    NOX     RM   AGE     DIS  RAD    TAX  \\\n",
      "0  0.00632  18.0   2.31   0.0  0.538  6.575  65.2  4.0900  1.0  296.0   \n",
      "1  0.02731   0.0   7.07   0.0  0.469  6.421  78.9  4.9671  2.0  242.0   \n",
      "2  0.02729   0.0   7.07   0.0  0.469  7.185  61.1  4.9671  2.0  242.0   \n",
      "3  0.03237   0.0   2.18   0.0  0.458  6.998  45.8  6.0622  3.0  222.0   \n",
      "4  0.06905   0.0   2.18   0.0  0.458  7.147  54.2  6.0622  3.0  222.0   \n",
      "\n",
      "   PTRATIO       B  LSTAT  target  \n",
      "0     15.3  396.90   4.98    24.0  \n",
      "1     17.8  396.90   9.14    21.6  \n",
      "2     17.8  392.83   4.03    34.7  \n",
      "3     18.7  394.63   2.94    33.4  \n",
      "4     18.7  396.90   5.33    36.2  \n"
     ]
    }
   ],
   "source": [
    "from sklearn.datasets import load_boston\n",
    "import pandas as pd\n",
    "boston = load_boston()\n",
    "dataset = pd.DataFrame(data=boston.data, columns=boston.feature_names)\n",
    "dataset['target'] = boston.target\n",
    "print(dataset.head())"
   ]
  },
  {
   "cell_type": "markdown",
   "metadata": {},
   "source": [
    "create a datframe named as 'X' such that it includes all the feature columns and drop the target column.\n",
    "assign the 'target' columns to variiable Y"
   ]
  },
  {
   "cell_type": "code",
   "execution_count": 2,
   "metadata": {},
   "outputs": [],
   "source": [
    "X = dataset.drop(['target'],axis=1)\n",
    "Y = dataset['target']"
   ]
  },
  {
   "cell_type": "markdown",
   "metadata": {},
   "source": [
    "Now the dataframe X has just the features that influence the target\n",
    "print the correlation matrix for dataframe X. Use '.corr()' function to compute correlation matrix\n",
    "from the correlation matrix note down the correlation value between 'CRIM' and 'PTRATIO' and assign it to variable 'corr_value'"
   ]
  },
  {
   "cell_type": "code",
   "execution_count": 6,
   "metadata": {},
   "outputs": [
    {
     "name": "stdout",
     "output_type": "stream",
     "text": [
      "             CRIM        ZN     INDUS      CHAS       NOX        RM       AGE  \\\n",
      "CRIM     1.000000 -0.200469  0.406583 -0.055892  0.420972 -0.219247  0.352734   \n",
      "ZN      -0.200469  1.000000 -0.533828 -0.042697 -0.516604  0.311991 -0.569537   \n",
      "INDUS    0.406583 -0.533828  1.000000  0.062938  0.763651 -0.391676  0.644779   \n",
      "CHAS    -0.055892 -0.042697  0.062938  1.000000  0.091203  0.091251  0.086518   \n",
      "NOX      0.420972 -0.516604  0.763651  0.091203  1.000000 -0.302188  0.731470   \n",
      "RM      -0.219247  0.311991 -0.391676  0.091251 -0.302188  1.000000 -0.240265   \n",
      "AGE      0.352734 -0.569537  0.644779  0.086518  0.731470 -0.240265  1.000000   \n",
      "DIS     -0.379670  0.664408 -0.708027 -0.099176 -0.769230  0.205246 -0.747881   \n",
      "RAD      0.625505 -0.311948  0.595129 -0.007368  0.611441 -0.209847  0.456022   \n",
      "TAX      0.582764 -0.314563  0.720760 -0.035587  0.668023 -0.292048  0.506456   \n",
      "PTRATIO  0.289946 -0.391679  0.383248 -0.121515  0.188933 -0.355501  0.261515   \n",
      "B       -0.385064  0.175520 -0.356977  0.048788 -0.380051  0.128069 -0.273534   \n",
      "LSTAT    0.455621 -0.412995  0.603800 -0.053929  0.590879 -0.613808  0.602339   \n",
      "\n",
      "              DIS       RAD       TAX   PTRATIO         B     LSTAT  \n",
      "CRIM    -0.379670  0.625505  0.582764  0.289946 -0.385064  0.455621  \n",
      "ZN       0.664408 -0.311948 -0.314563 -0.391679  0.175520 -0.412995  \n",
      "INDUS   -0.708027  0.595129  0.720760  0.383248 -0.356977  0.603800  \n",
      "CHAS    -0.099176 -0.007368 -0.035587 -0.121515  0.048788 -0.053929  \n",
      "NOX     -0.769230  0.611441  0.668023  0.188933 -0.380051  0.590879  \n",
      "RM       0.205246 -0.209847 -0.292048 -0.355501  0.128069 -0.613808  \n",
      "AGE     -0.747881  0.456022  0.506456  0.261515 -0.273534  0.602339  \n",
      "DIS      1.000000 -0.494588 -0.534432 -0.232471  0.291512 -0.496996  \n",
      "RAD     -0.494588  1.000000  0.910228  0.464741 -0.444413  0.488676  \n",
      "TAX     -0.534432  0.910228  1.000000  0.460853 -0.441808  0.543993  \n",
      "PTRATIO -0.232471  0.464741  0.460853  1.000000 -0.177383  0.374044  \n",
      "B        0.291512 -0.444413 -0.441808 -0.177383  1.000000 -0.366087  \n",
      "LSTAT   -0.496996  0.488676  0.543993  0.374044 -0.366087  1.000000  \n"
     ]
    }
   ],
   "source": [
    "print(X.corr())\n",
    "corr_value = X['CRIM'].corr(X['PTRATIO'])"
   ]
  },
  {
   "cell_type": "markdown",
   "metadata": {},
   "source": [
    "import statsmodels.api as sm\n",
    "initalize the OLS model with target Y and dataframe X(features), make sure you add constant to input X\n",
    "fit the model and print the summary"
   ]
  },
  {
   "cell_type": "code",
   "execution_count": 7,
   "metadata": {},
   "outputs": [
    {
     "name": "stdout",
     "output_type": "stream",
     "text": [
      "                            OLS Regression Results                            \n",
      "==============================================================================\n",
      "Dep. Variable:                 target   R-squared:                       0.741\n",
      "Model:                            OLS   Adj. R-squared:                  0.734\n",
      "Method:                 Least Squares   F-statistic:                     108.1\n",
      "Date:                Sat, 23 Nov 2019   Prob (F-statistic):          6.72e-135\n",
      "Time:                        00:23:02   Log-Likelihood:                -1498.8\n",
      "No. Observations:                 506   AIC:                             3026.\n",
      "Df Residuals:                     492   BIC:                             3085.\n",
      "Df Model:                          13                                         \n",
      "Covariance Type:            nonrobust                                         \n",
      "==============================================================================\n",
      "                 coef    std err          t      P>|t|      [0.025      0.975]\n",
      "------------------------------------------------------------------------------\n",
      "const         36.4595      5.103      7.144      0.000      26.432      46.487\n",
      "CRIM          -0.1080      0.033     -3.287      0.001      -0.173      -0.043\n",
      "ZN             0.0464      0.014      3.382      0.001       0.019       0.073\n",
      "INDUS          0.0206      0.061      0.334      0.738      -0.100       0.141\n",
      "CHAS           2.6867      0.862      3.118      0.002       0.994       4.380\n",
      "NOX          -17.7666      3.820     -4.651      0.000     -25.272     -10.262\n",
      "RM             3.8099      0.418      9.116      0.000       2.989       4.631\n",
      "AGE            0.0007      0.013      0.052      0.958      -0.025       0.027\n",
      "DIS           -1.4756      0.199     -7.398      0.000      -1.867      -1.084\n",
      "RAD            0.3060      0.066      4.613      0.000       0.176       0.436\n",
      "TAX           -0.0123      0.004     -3.280      0.001      -0.020      -0.005\n",
      "PTRATIO       -0.9527      0.131     -7.283      0.000      -1.210      -0.696\n",
      "B              0.0093      0.003      3.467      0.001       0.004       0.015\n",
      "LSTAT         -0.5248      0.051    -10.347      0.000      -0.624      -0.425\n",
      "==============================================================================\n",
      "Omnibus:                      178.041   Durbin-Watson:                   1.078\n",
      "Prob(Omnibus):                  0.000   Jarque-Bera (JB):              783.126\n",
      "Skew:                           1.521   Prob(JB):                    8.84e-171\n",
      "Kurtosis:                       8.281   Cond. No.                     1.51e+04\n",
      "==============================================================================\n",
      "\n",
      "Warnings:\n",
      "[1] Standard Errors assume that the covariance matrix of the errors is correctly specified.\n",
      "[2] The condition number is large, 1.51e+04. This might indicate that there are\n",
      "strong multicollinearity or other numerical problems.\n"
     ]
    }
   ],
   "source": [
    "import statsmodels.api as sm\n",
    "Xc = sm.add_constant(X)\n",
    "MLRmodel = sm.OLS(Y,Xc).fit()\n",
    "print(MLRmodel.summary())"
   ]
  },
  {
   "cell_type": "markdown",
   "metadata": {},
   "source": [
    "from the summary report note down R squared value and assign it to variable 'r_square'"
   ]
  },
  {
   "cell_type": "code",
   "execution_count": 10,
   "metadata": {},
   "outputs": [
    {
     "name": "stdout",
     "output_type": "stream",
     "text": [
      "r_squared :  0.7406426641094095\n",
      "corr_value between 'CRIM' and 'PTRATIO' :  0.7406426641094095\n"
     ]
    }
   ],
   "source": [
    "r_squared = MLRmodel.rsquared\n",
    "print(\"r_squared : \", r_squared)\n",
    "print(\"corr_value between 'CRIM' and 'PTRATIO' : \", r_squared)"
   ]
  }
 ],
 "metadata": {
  "kernelspec": {
   "display_name": "Python 3",
   "language": "python",
   "name": "python3"
  },
  "language_info": {
   "codemirror_mode": {
    "name": "ipython",
    "version": 3
   },
   "file_extension": ".py",
   "mimetype": "text/x-python",
   "name": "python",
   "nbconvert_exporter": "python",
   "pygments_lexer": "ipython3",
   "version": "3.7.3"
  }
 },
 "nbformat": 4,
 "nbformat_minor": 2
}
